0 0
511 0
511 511
0 511
133 334
150 254
133 336
131 334
170 109
65 92
29 173
234 427
399 235
378 179
184 148
213 265
86 189
116 204
151 34
132 317
134 325
168 46
128 351
149 133
133 320
132 321
232 448
155 210
352 157
357 132
132 312
132 314
224 386
234 425
215 276
116 144
171 0
91 158
89 157
120 33
135 82
151 133
152 133
18 111
184 261
122 8
187 367
98 49
99 47
213 275
337 233
116 100
137 82
159 112
175 374
136 84
155 134
436 448
243 277
118 179
123 60
160 113
188 200
265 306
435 450
170 110
375 199
375 201
206 220
361 229
234 307
64 440
122 0
115 146
107 240
356 219
140 0
71 51
308 162
366 225
104 150
199 394
361 217
247 352
374 174
230 138
238 82
361 278
362 278
140 70
185 263
116 148
376 23
68 444
158 111
117 142
134 156
180 89
179 87
185 258
362 266
262 312
417 370
134 79
136 80
138 80
32 41
221 166
129 66
129 69
131 70
131 67
202 229
283 243
183 373
177 373
28 168
193 201
174 59
103 95
135 268
370 96
202 215
203 217
205 217
148 134
137 170
230 451
19 109
379 172
437 463
179 95
115 142
218 163
169 224
366 248
407 339
120 363
233 78
378 241
219 279
218 278
177 215
479 378
359 450
104 34
13 82
358 217
372 256
377 255
375 256
216 278
138 321
367 227
188 80
188 77
114 144
157 345
354 118
81 135
130 314
130 313
115 148
110 149
151 21
200 303
416 370
435 429
239 317
344 358
160 112
169 110
454 160
451 159
173 260
174 260
172 261
172 260
171 261
221 265
383 390
356 282
324 349
189 192
117 133
117 135
363 233
362 232
145 41
221 163
216 280
240 325
485 424
0 36
373 202
167 251
354 257
366 249
368 249
476 436
143 40
118 214
149 253
134 26
137 58
173 274
84 61
117 203
117 204
400 382
493 399
488 407
154 209
271 238
53 314
118 347
118 349
446 107
137 149
170 165
281 329
185 51
155 239
378 249
139 15
178 95
153 121
141 169
212 230
120 7
178 93
177 93
177 91
159 134
164 180
196 201
169 201
170 201
134 316
134 319
137 319
139 317
390 358
352 155
218 160
221 160
208 377
231 136
305 169
319 201
167 88
89 127
110 283
508 432
78 84
481 105
147 112
437 34
148 72
147 71
1 114
169 289
167 289
127 54
110 232
358 213
358 279
360 278
360 276
442 339
63 13
361 201
360 202
331 261
406 340
413 365
181 121
344 150
347 148
268 312
266 313
147 314
149 313
389 355
384 347
385 346
468 417
171 14
458 162
357 276
116 201
117 201
118 201
116 199
148 264
356 313
229 369
232 366
375 383
328 395
140 9
168 109
169 108
69 121
156 134
451 144
455 153
191 161
378 171
379 169
378 168
376 167
376 171
372 175
119 199
172 275
269 320
407 338
414 356
125 54
157 134
158 134
26 171
403 240
141 292
123 0
143 43
141 42
188 293
511 430
164 60
135 86
134 84
365 253
364 253
188 289
234 429
60 270
54 273
52 474
59 470
60 463
55 463
257 477
161 114
162 116
225 289
224 288
207 362
511 419
508 415
505 416
375 25
185 75
182 74
166 257
170 291
167 292
145 324
146 325
70 66
393 345
128 64
84 133
388 185
167 209
355 215
367 224
258 235
281 253
162 46
233 87
236 91
34 344
461 36
366 55
454 146
232 308
121 42
124 45
125 51
160 133
217 163
406 341
486 389
490 395
110 277
352 371
486 394
490 399
479 399
481 399
219 155
221 150
219 150
25 165
131 336
33 353
38 360
39 346
58 349
197 205
399 237
392 241
388 346
388 350
392 347
508 421
511 423
219 39
219 37
481 49
159 89
157 91
379 202
370 73
158 211
159 213
263 312
148 334
178 457
234 76
223 164
223 286
224 287
119 97
374 172
464 201
170 275
107 282
109 279
398 394
154 22
158 101
156 108
159 109
159 187
174 195
407 341
411 351
389 388
171 1
33 150
90 220
89 219
356 257
171 320
217 156
376 331
155 106
350 152
349 149
197 199
258 347
84 202
83 203
103 118
217 152
188 162
296 324
297 321
136 61
131 77
368 133
511 152
177 217
175 215
97 241
221 386
70 51
447 332
443 333
341 375
347 376
71 144
242 276
162 0
163 6
220 36
221 39
221 35
167 45
109 198
166 260
168 260
65 295
163 335
455 6
460 6
110 25
30 39
319 166
247 181
386 182
321 153
101 242
124 90
144 299
424 303
386 344
391 343
364 168
132 255
477 111
401 211
405 210
91 170
194 197
106 224
211 244
212 245
190 274
475 379
339 107
78 116
94 187
367 93
449 158
223 189
88 188
169 200
427 288
129 302
129 304
459 387
465 390
467 387
235 94
374 166
356 187
358 188
342 359
404 511
327 161
286 265
194 316
412 489
127 85
28 161
26 162
382 222
186 287
253 479
462 88
121 106
72 111
72 120
372 173
193 191
360 210
114 242
111 244
107 248
230 264
297 334
511 440
510 440
474 0
464 0
161 135
130 161
132 160
373 176
371 178
360 207
362 203
361 203
362 207
366 389
370 71
189 190
85 205
88 206
204 227
206 227
112 248
111 245
109 245
111 248
307 420
443 325
65 43
161 219
160 214
225 298
227 300
471 389
480 388
472 385
130 402
429 457
433 458
151 135
223 266
221 267
235 308
504 511
505 511
509 511
97 15
98 13
26 91
445 103
66 204
356 235
375 186
105 247
96 245
129 50
132 45
127 47
317 246
316 248
87 204
87 202
442 368
153 119
210 163
215 162
217 161
217 159
204 215
442 320
439 313
226 404
141 10
140 14
143 12
140 15
137 24
326 375
368 129
156 154
268 299
266 300
472 375
131 15
129 13
127 11
126 14
69 44
67 44
65 45
68 48
177 89
220 191
217 187
131 294
498 448
80 33
81 25
166 77
165 77
165 79
134 107
365 114
69 193
113 286
229 403
229 400
232 404
138 89
140 86
138 85
136 88
126 6
123 2
122 2
122 4
122 6
123 7
125 4
133 25
92 189
90 188
235 314
168 357
128 140
142 242
379 243
377 242
379 247
370 255
68 439
367 53
368 49
369 92
201 213
203 213
140 8
100 50
138 77
140 77
467 206
469 215
470 209
155 241
100 375
476 396
479 395
475 391
474 392
511 144
384 362
387 384
391 386
103 71
105 96
175 98
296 123
131 196
131 195
105 243
230 266
152 131
155 133
156 133
153 133
35 140
29 132
222 146
70 146
70 152
353 183
357 175
354 175
354 178
232 269
234 271
241 322
114 17
152 25
150 24
67 120
65 121
198 133
192 133
190 134
282 247
283 251
258 311
375 333
485 403
504 418
267 430
501 438
65 2
66 5
360 265
264 299
418 302
204 326
206 327
208 328
16 88
25 94
23 89
68 105
350 160
352 160
359 172
361 173
361 169
200 215
32 0
30 0
27 0
157 56
186 54
433 87
52 221
54 225
161 284
154 284
412 353
412 356
413 356
413 354
142 153
104 223
60 280
267 317
266 316
341 356
429 419
427 419
431 426
190 22
31 154
30 149
27 155
19 162
183 170
119 95
32 271
20 266
24 267
214 405
215 403
214 401
190 129
119 135
114 210
287 322
81 200
107 246
108 245
106 243
106 245
349 40
159 70
161 86
157 87
159 87
159 153
108 231
125 387
178 89
178 91
179 93
179 89
454 141
457 139
450 135
220 146
134 176
213 291
215 291
266 311
264 310
265 312
69 500
158 22
157 22
154 23
352 106
359 237
91 249
257 260
256 261
258 263
222 328
31 362
29 36
122 37
366 226
364 231
366 231
367 230
366 228
363 228
292 264
284 283
287 285
147 338
63 114
68 120
93 170
113 249
260 338
263 340
439 421
143 59
134 153
415 370
363 428
78 128
77 127
148 132
150 132
150 130
130 294
425 317
55 344
130 400
131 401
133 399
167 48
163 47
115 231
491 424
490 414
489 423
113 143
458 147
137 231
223 269
174 0
172 0
172 1
173 2
456 0
453 4
254 0
65 13
65 9
102 69
172 73
91 222
28 222
32 230
153 241
150 243
113 244
113 246
114 248
118 244
118 243
115 243
134 255
497 90
119 106
359 130
361 131
356 120
135 165
437 334
448 0
132 163
131 162
111 199
109 201
284 246
222 263
122 53
127 56
128 58
121 55
121 58
122 58
124 56
122 56
161 65
161 67
132 71
177 77
181 76
181 78
180 91
153 116
154 117
156 117
115 131
116 127
188 178
193 205
193 203
192 203
191 204
192 206
209 207
147 230
149 230
219 243
221 245
219 245
218 246
223 247
272 245
128 245
178 273
176 273
407 299
414 300
265 307
265 309
266 309
266 307
378 334
336 392
382 389
442 441
443 436
442 438
103 42
189 293
246 307
178 76
180 76
0 117
307 187
119 347
119 349
344 27
84 57
186 266
63 11
63 8
62 5
61 13
61 11
58 12
219 166
217 165
214 165
214 170
216 170
220 168
257 264
408 336
35 39
25 32
30 35
418 40
16 134
160 209
222 325
353 353
439 91
443 90
446 91
331 173
332 172
146 170
377 182
377 180
373 180
109 239
245 305
244 302
220 356
218 356
139 7
141 20
138 17
136 22
30 51
27 49
31 46
28 46
155 58
156 57
153 57
153 59
167 77
351 164
349 163
219 185
217 183
143 310
264 313
62 16
61 20
379 22
377 23
97 159
105 170
106 169
155 193
154 195
156 195
207 229
132 236
209 245
212 263
214 263
232 290
133 323
130 322
346 354
3 36
3 38
336 229
347 272
345 361
348 360
157 25
160 26
156 25
447 52
106 152
104 151
292 259
291 262
236 447
365 54
366 57
431 82
438 84
338 108
167 107
181 331
171 193
168 191
181 250
180 249
362 328
358 319
361 326
117 351
119 363
118 361
119 361
112 351
383 391
381 390
190 165
394 183
367 202
365 202
248 266
334 358
340 358
437 428
104 114
133 69
363 74
362 73
119 77
62 93
64 91
62 91
150 110
150 109
154 107
152 107
86 130
87 127
87 126
82 129
105 225
104 226
212 380
161 13
160 15
83 24
87 21
142 21
153 217
113 242
113 240
249 291
25 374
24 363
25 353
339 376
36 67
234 84
236 83
234 79
231 81
144 113
146 111
188 115
190 117
192 186
128 193
128 190
385 220
336 243
336 245
202 325
199 317
322 155
325 158
327 158
323 154
222 322
221 319
158 331
163 333
158 326
409 499
405 506
143 114
142 113
127 195
130 196
130 194
269 312
136 340
133 338
132 340
254 458
158 5
159 6
162 5
162 4
161 2
30 71
76 214
256 311
19 470
13 461
420 511
137 116
138 119
138 117
324 159
322 156
440 435
437 431
434 431
448 465
446 464
146 60
144 62
133 83
131 81
153 193
154 190
154 211
218 243
363 279
366 347
151 32
53 183
155 213
155 215
155 217
157 214
289 321
239 448
97 19
496 93
481 92
143 98
72 147
67 289
68 282
180 301
183 303
182 300
184 304
186 301
188 364
190 363
329 372
335 377
479 54
476 59
289 123
295 125
210 165
137 172
241 345
468 428
123 16
222 171
227 169
222 168
379 12
22 14
118 124
170 166
103 213
107 241
107 243
108 241
110 243
111 243
111 242
110 241
109 241
108 243
175 260
282 334
332 389
331 388
79 115
76 100
73 106
89 107
306 171
453 184
456 167
371 204
369 204
371 207
125 275
387 184
386 187
0 465
8 462
264 473
246 0
403 20
396 22
0 95
1 92
365 234
367 239
367 234
375 239
413 271
68 309
362 91
450 103
189 101
189 114
136 250
152 253
154 250
188 275
455 393
456 402
86 133
222 202
155 243
278 256
279 253
241 277
241 279
130 358
129 362
491 446
371 71
71 84
103 97
160 115
243 268
241 271
234 269
237 270
261 303
474 369
466 355
327 395
363 117
139 233
137 233
117 250
224 265
225 267
226 266
136 411
26 131
18 133
132 169
134 167
377 199
379 200
381 197
377 228
263 305
265 304
266 303
265 301
263 301
220 322
154 105
505 115
316 211
320 202
137 252
136 254
117 347
136 5
158 0
125 99
260 294
169 49
166 50
153 67
28 177
29 186
111 230
113 230
275 355
277 359
422 476
247 123
463 187
461 191
463 195
466 197
89 204
325 240
381 258
379 258
440 55
96 169
155 191
284 280
194 314
196 313
511 29
168 78
167 78
167 80
168 82
169 82
169 80
88 157
95 157
94 154
137 167
139 167
404 251
143 312
141 311
452 394
443 397
410 52
296 260
167 46
166 45
164 46
166 47
166 82
165 80
163 82
207 273
162 296
297 368
54 25
95 64
100 79
98 149
102 151
103 149
104 148
154 151
156 151
208 164
368 294
211 355
183 80
186 81
186 76
183 76
182 76
182 78
235 86
238 89
242 90
237 86
135 253
251 316
255 316
256 314
252 311
292 367
298 381
295 380
490 491
489 488
52 69
122 86
123 89
124 84
92 234
95 230
246 310
246 311
107 115
378 145
380 146
218 197
218 201
179 271
187 273
185 268
183 272
151 281
442 29
178 168
169 220
412 245
171 272
52 385
44 386
414 37
418 37
497 124
305 167
158 171
152 219
223 290
223 299
221 300
170 360
193 375
377 437
139 90
142 97
138 93
440 109
205 324
207 324
203 322
104 72
102 73
103 73
117 97
67 152
375 280
390 263
208 375
161 35
164 34
163 33
176 65
178 64
178 62
179 57
70 89
71 89
71 87
69 89
279 192
124 209
123 208
122 205
369 240
167 254
401 343
405 343
422 412
425 416
426 415
180 75
136 110
134 109
229 133
234 136
289 260
443 468
441 466
39 157
32 162
32 169
490 229
217 276
430 324
300 382
213 43
204 50
209 48
146 176
457 194
467 217
464 207
461 201
446 205
260 308
260 310
261 310
159 141
187 177
164 191
166 191
195 204
129 212
171 220
170 223
167 234
361 237
363 240
365 239
363 236
341 278
121 365
121 367
285 386
288 383
194 65
106 103
106 101
319 194
156 208
157 209
158 209
156 206
169 250
374 282
211 290
363 376
452 134
416 271
424 281
422 275
216 288
214 287
217 281
348 300
350 299
245 313
241 317
56 112
166 232
224 296
219 297
222 297
224 294
209 393
65 39
66 40
67 42
69 42
67 37
138 66
150 128
151 128
91 168
349 309
352 313
354 314
52 358
52 370
252 424
151 226
288 243
284 243
283 245
285 245
232 362
35 89
52 167
130 350
128 346
267 370
306 422
260 428
256 426
41 127
113 198
115 199
115 197
237 335
66 473
71 490
77 476
72 65
259 104
146 192
151 192
38 221
30 219
30 225
103 222
215 333
133 360
136 358
133 357
194 400
118 53
138 69
136 70
384 181
380 179
380 221
50 273
112 158
110 157
130 192
130 190
79 196
315 213
282 245
280 243
320 408
445 109
441 112
269 255
128 82
144 96
144 93
140 252
68 294
67 299
72 309
201 316
122 369
124 369
428 21
101 117
102 114
172 113
377 185
132 196
302 335
300 336
194 364
206 461
353 171
357 171
359 167
358 162
356 163
353 165
405 240
409 238
221 364
230 398
236 396
237 394
234 392
164 30
166 29
145 43
146 44
146 42
129 52
129 55
132 55
133 54
495 126
317 165
116 165
114 163
345 234
341 235
226 284
226 280
224 278
220 280
222 281
234 309
233 312
50 65
160 71
71 113
150 135
163 225
165 225
132 231
83 492
319 208
319 215
181 303
497 425
495 426
493 429
340 511
350 158
215 186
263 319
168 63
170 67
112 86
86 135
85 137
87 140
89 140
183 250
445 364
262 383
258 379
511 507
370 178
370 174
363 174
363 267
145 337
148 17
145 18
352 104
349 102
350 99
156 118
155 120
158 119
157 117
366 133
363 132
116 172
78 198
75 196
74 198
77 200
204 219
180 299
377 336
380 337
414 397
231 265
233 268
237 267
232 264
235 267
228 258
230 261
233 261
217 300
458 455
69 39
378 225
379 226
380 222
378 221
205 246
207 245
204 243
200 247
384 389
387 388
110 21
110 23
371 39
374 38
373 39
370 48
373 49
372 42
353 110
352 113
354 114
97 113
95 115
98 118
165 254
164 257
206 373
90 142
89 142
93 156
93 154
132 177
130 176
215 266
216 267
162 341
235 362
425 23
426 21
422 19
72 41
72 45
343 253
336 246
335 246
179 369
182 369
184 368
185 365
220 392
405 23
408 35
410 24
136 35
139 123
157 166
158 169
160 169
110 285
140 339
354 0
171 110
173 213
175 213
271 236
271 234
274 231
270 228
154 32
153 35
157 35
72 53
159 106
163 107
64 309
64 301
62 298
60 291
59 306
127 320
129 320
130 318
129 316
290 369
287 370
387 381
385 382
101 8
0 33
76 36
74 41
156 101
154 100
136 174
370 211
368 216
368 214
163 44
70 90
174 98
175 100
74 124
75 126
170 225
201 230
195 232
102 239
106 240
106 238
220 242
24 274
249 284
250 285
253 285
259 284
256 284
218 302
221 302
223 303
261 312
150 353
150 355
463 413
24 49
29 42
28 39
26 38
24 38
26 45
89 202
91 202
90 196
262 241
262 244
369 279
371 279
25 293
453 452
469 1
470 9
98 229
100 229
100 227
148 317
146 316
241 335
230 407
230 410
45 511
232 139
199 250
135 341
134 342
416 389
309 418
307 422
312 415
310 414
307 418
309 417
167 86
168 83
167 83
205 229
117 236
6 434
10 439
0 437
0 454
9 452
359 147
384 199
383 200
380 201
381 205
384 206
173 261
217 298
217 293
213 294
215 431
351 124
353 121
165 159
158 154
158 156
67 317
60 315
63 340
430 86
22 97
17 96
284 139
184 273
186 277
184 284
119 30
121 29
49 122
64 121
63 119
56 114
53 118
133 157
365 271
362 269
359 268
359 274
361 273
363 269
205 321
203 316
203 319
192 325
198 328
200 320
194 320
191 320
101 370
230 382
231 379
231 377
220 383
223 385
225 384
221 380
162 49
129 144
131 145
132 141
44 209
52 208
58 206
111 284
111 282
290 329
292 330
393 342
397 342
355 373
362 377
76 0
76 2
466 7
66 99
67 101
65 99
187 178
288 327
363 320
363 326
363 327
408 339
231 446
511 12
511 18
443 53
78 118
217 150
218 146
215 144
161 166
123 196
124 196
126 193
249 242
249 239
245 236
238 370
232 369
426 31
423 31
421 34
511 50
510 37
504 38
475 50
135 174
136 171
135 169
133 170
417 275
419 279
417 280
511 411
508 379
495 396
155 67
157 69
401 334
400 342
404 340
29 393
21 389
32 259
38 257
29 252
145 295
142 294
20 344
25 344
397 245
401 248
403 247
404 242
401 241
261 298
263 297
261 295
259 296
31 398
222 24
228 18
132 48
130 49
131 51
110 83
84 161
84 163
459 274
211 273
389 405
484 32
472 56
470 52
361 73
361 75
230 273
182 388
185 387
143 146
139 148
143 151
144 148
246 283
243 279
243 281
227 303
229 308
317 223
499 237
511 241
511 237
122 242
421 297
418 295
424 293
278 335
279 334
327 419
317 423
321 436
232 74
235 72
236 68
235 63
232 67
136 156
135 158
107 201
107 199
188 305
192 305
281 322
281 324
154 46
158 67
173 95
175 97
174 95
188 120
186 120
184 122
188 125
190 124
189 120
470 205
151 279
146 275
149 279
150 274
365 329
45 482
40 498
429 33
434 36
431 36
427 36
71 120
72 118
70 120
384 210
382 209
384 215
200 337
202 336
491 6
106 35
106 33
121 61
118 58
112 57
10 78
15 78
136 159
280 247
339 286
343 287
169 47
145 146
351 172
350 170
345 302
347 302
416 372
416 374
417 375
418 376
417 372
124 388
25 11
166 53
164 50
161 54
163 55
162 51
121 197
121 193
116 197
118 198
119 197
135 251
256 253
258 258
262 257
351 297
165 15
163 14
162 16
166 16
471 109
440 334
439 327
437 332
200 388
198 386
189 385
196 395
198 393
199 392
452 466
461 458
461 464
458 30
456 31
5 32
11 35
10 27
433 63
430 62
430 67
362 187
360 188
360 192
278 330
278 324
237 449
253 85
129 365
110 40
108 39
137 63
85 89
122 212
120 214
119 216
118 217
114 227
186 289
185 288
183 289
181 296
181 292
61 23
138 114
141 112
136 112
131 215
129 215
380 0
166 87
166 85
165 84
162 85
163 87
494 98
483 102
165 114
164 115
165 116
298 161
298 164
304 165
306 161
364 179
363 183
369 186
371 181
370 180
365 185
76 289
86 289
65 274
65 280
68 280
270 274
239 284
238 280
240 282
444 338
445 343
452 339
51 463
39 460
35 457
32 461
67 59
63 60
64 66
68 62
329 169
329 165
203 228
200 227
201 227
203 226
204 224
203 221
358 289
356 288
111 19
343 97
335 112
335 110
337 107
183 171
331 255
227 298
121 4
121 6
119 6
191 77
189 79
191 80
189 81
188 82
189 87
192 83
121 96
124 97
126 92
122 94
361 179
359 176
369 189
104 198
106 195
108 194
106 192
105 196
378 206
377 203
375 203
223 261
170 278
168 279
170 281
428 314
430 312
424 305
426 310
203 382
209 387
162 135
159 136
160 140
161 140
160 136
390 186
205 221
206 224
207 226
207 222
146 331
24 390
28 384
24 380
22 385
146 163
146 161
145 162
86 59
68 240
278 258
282 254
279 255
279 257
280 260
160 22
101 74
101 72
95 73
87 160
88 165
165 189
167 189
493 228
502 235
511 223
248 244
231 288
235 288
238 286
237 283
153 286
119 365
153 21
376 47
187 140
317 207
318 204
314 209
190 279
192 282
191 275
190 276
362 281
361 280
359 280
285 438
334 149
116 205
157 240
158 243
160 241
173 289
172 290
126 311
304 339
307 341
309 340
307 336
401 116
403 109
393 111
349 178
352 178
352 176
349 174
355 316
170 94
370 294
511 436
508 435
509 438
511 438
500 7
508 10
511 8
111 21
111 24
469 27
476 30
350 114
145 314
144 313
141 314
380 327
443 362
320 356
327 371
332 359
379 388
74 210
39 232
33 235
38 246
57 232
52 232
165 279
362 329
358 326
359 324
357 323
352 322
349 322
355 324
15 344
11 354
1 334
0 328
166 10
168 11
97 11
100 10
230 103
228 106
248 287
247 285
247 289
203 310
197 311
198 312
198 314
202 312
201 310
258 314
261 316
264 316
262 313
260 313
395 385
394 389
398 392
170 423
147 133
143 135
149 135
145 140
147 140
147 135
158 151
317 200
319 197
116 234
176 292
180 295
179 292
178 289
271 432
368 126
361 122
366 126
107 225
108 227
111 227
161 347
158 348
162 352
87 358
64 353
67 346
64 348
154 384
157 380
153 377
495 451
489 449
495 458
149 108
149 106
148 109
95 162
269 224
212 25
206 22
207 25
210 25
209 20
220 180
224 181
223 176
300 231
316 227
314 225
324 347
270 367
166 161
169 162
170 159
168 157
167 159
176 198
178 201
177 199
217 265
219 264
217 261
215 262
215 264
228 408
156 33
159 34
231 98
227 99
234 98
232 102
3 97
0 109
0 112
0 98
180 201
181 202
183 201
180 199
154 205
156 202
146 313
147 312
144 311
296 319
176 347
179 349
180 350
239 450
235 450
243 453
234 454
148 30
150 28
176 98
176 100
180 95
178 97
179 97
387 117
104 212
120 221
122 218
195 251
198 249
67 105
66 102
65 102
67 104
307 160
200 193
159 194
172 374
166 381
208 116
211 127
193 129
9 211
0 209
53 245
52 260
137 259
139 262
33 65
86 175
88 176
162 269
134 380
96 24
193 171
192 170
190 167
187 169
209 230
211 229
213 228
208 228
100 231
99 231
97 233
323 242
322 239
134 259
135 257
131 259
133 257
132 256
130 259
130 256
281 326
281 328
380 242
385 225
388 230
379 229
390 235
137 239
140 240
135 237
165 276
226 282
282 331
283 334
288 330
284 329
178 404
194 66
125 87
282 160
25 206
27 209
31 211
37 213
371 253
375 248
289 388
476 89
189 91
187 92
187 97
189 97
365 290
143 297
141 295
404 0
64 16
64 20
441 32
440 34
445 36
168 45
12 88
10 84
10 90
0 90
5 88
7 81
4 80
6 76
5 71
93 278
97 278
97 254
310 337
144 345
141 343
327 397
326 395
325 397
419 404
420 407
331 420
334 417
334 401
53 129
57 127
92 152
94 152
364 157
362 160
363 163
365 163
350 274
352 275
354 272
349 271
95 29
68 97
67 99
132 191
163 243
254 331
501 96
497 98
492 99
325 119
230 275
126 16
124 20
127 104
72 106
71 106
167 114
166 113
231 107
243 115
235 108
76 115
77 114
73 112
72 113
72 115
75 114
110 150
109 149
106 149
108 151
174 159
175 158
143 331
146 329
143 327
238 332
240 333
265 339
269 338
407 345
189 387
186 390
193 390
400 395
399 397
399 399
119 81
113 82
117 80
75 191
73 192
75 194
235 280
209 307
206 304
204 308
206 308
166 450
131 64
133 66
135 66
135 63
42 14
38 0
45 0
87 153
88 155
91 155
90 151
355 199
356 191
352 188
102 192
149 193
152 196
151 194
147 238
152 240
152 238
424 511
234 59
233 55
140 117
235 332
237 331
316 337
313 342
325 343
249 340
257 338
251 339
257 344
369 386
459 408
464 420
359 428
348 449
356 439
344 446
337 433
327 434
327 444
331 449
334 446
333 435
79 501
68 505
159 66
71 108
71 111
119 45
155 45
116 105
144 154
142 155
104 204
105 202
104 200
413 396
406 397
408 386
403 385
404 392
413 391
368 220
370 224
373 224
187 241
189 238
185 240
188 239
250 262
254 260
255 259
151 266
441 444
436 451
388 25
383 23
377 25
149 255
147 255
254 428
436 24
432 22
162 39
231 84
227 88
76 111
117 149
338 247
164 251
166 251
166 249
165 245
158 255
163 253
211 264
285 290
281 291
276 291
224 342
226 341
228 339
213 406
211 401
211 398
209 395
202 396
200 397
19 477
12 469
0 473
0 503
22 485
235 53
223 29
226 31
149 244
196 306
196 309
198 309
200 308
200 305
343 312
344 315
346 315
349 312
347 311
363 433
362 438
372 440
371 433
160 52
475 114
156 121
176 122
167 128
134 151
132 150
131 165
132 166
165 232
161 231
182 8
186 9
187 0
177 0
175 4
119 20
115 19
113 20
369 52
376 51
371 52
120 176
123 175
123 172
117 169
118 171
321 198
321 192
476 23
479 22
473 16
101 96
95 97
377 143
376 146
195 211
198 212
199 208
196 208
195 209
268 268
267 269
446 347
443 345
434 359
291 376
294 378
295 376
294 372
291 373
98 77
102 75
100 75
94 150
91 150
375 175
375 179
379 178
380 177
380 175
379 175
377 175
377 178
176 202
446 352
442 356
447 384
437 364
440 371
148 42
64 57
66 57
144 72
142 72
141 76
142 75
145 74
170 84
169 86
170 87
173 89
136 121
186 185
181 189
187 189
182 188
182 192
183 192
184 191
182 190
495 261
418 478
429 464
370 126
183 197
184 193
182 193
489 494
486 490
467 18
467 15
70 104
73 102
72 100
68 101
68 103
69 105
212 116
221 117
227 110
225 107
221 103
217 116
204 230
156 377
325 398
216 430
226 432
141 6
142 8
143 9
145 9
147 8
151 147
152 150
362 156
357 150
354 156
359 158
486 209
475 212
473 215
472 219
485 221
215 268
210 271
213 271
213 267
212 266
211 266
210 268
213 269
366 110
137 129
138 126
370 123
352 151
354 151
358 146
353 144
352 149
354 148
330 175
333 183
335 182
315 202
350 280
345 281
355 285
352 282
228 301
229 303
230 304
232 306
235 305
161 26
163 28
179 169
182 171
182 170
104 188
64 241
61 242
61 250
221 282
218 284
219 285
221 286
223 284
214 379
216 378
212 374
211 377
338 133
369 149
367 148
161 185
179 195
181 192
181 190
177 196
180 187
170 190
180 189
174 193
181 183
178 179
361 218
366 223
366 221
363 219
15 256
25 258
26 249
379 254
379 250
377 252
135 282
339 379
336 379
327 511
332 497
113 65
112 60
111 66
63 99
473 103
62 225
318 242
318 244
321 243
148 341
149 344
160 339
156 334
151 336
150 340
153 343
155 346
156 342
402 354
411 355
411 353
410 351
99 80
114 116
135 179
84 200
89 199
86 190
80 194
82 196
84 198
88 195
89 193
297 226
114 284
260 387
261 384
257 382
466 469
470 471
467 463
466 504
402 511
346 511
340 501
344 508
402 506
411 488
399 473
383 500
407 497
170 50
169 51
168 52
169 54
153 69
338 85
332 55
336 91
168 154
141 154
138 156
138 158
140 156
119 205
138 255
139 258
144 254
139 254
141 261
141 257
183 256
183 253
180 253
227 260
225 258
224 260
262 328
265 330
266 328
255 337
253 333
253 337
52 396
36 389
39 404
44 417
470 43
83 48
248 119
174 321
173 323
171 324
175 328
179 328
507 0
494 0
497 7
500 4
157 99
159 99
285 248
287 250
287 246
286 249
96 504
79 511
146 322
149 320
146 320
174 371
171 365
168 363
165 367
167 369
173 372
328 393
94 378
216 450
219 450
430 470
425 475
184 253
282 317
285 322
189 376
191 374
185 372
186 375
423 27
423 23
418 21
421 28
167 109
89 173
91 178
97 173
94 173
394 348
392 353
393 358
400 355
398 352
437 55
438 59
433 59
487 489
480 481
482 485
74 206
74 203
73 201
71 202
71 206
157 216
157 217
160 218
160 217
158 215
129 219
130 217
132 217
163 260
178 123
178 131
187 130
184 126
182 124
182 131
164 135
192 164
164 266
164 263
68 58
71 58
71 54
187 102
189 107
187 111
190 111
191 109
263 308
263 306
261 307
261 308
262 310
358 315
363 316
361 309
357 311
300 334
302 333
302 331
303 328
298 327
294 329
294 332
298 332
119 41
120 37
156 55
63 82
65 81
97 169
136 268
139 266
142 264
140 265
268 314
268 317
214 354
217 354
304 435
301 431
298 433
160 16
154 16
157 20
158 20
159 20
160 18
159 16
158 15
399 43
139 110
135 109
137 110
377 140
378 137
161 144
160 144
208 220
209 226
148 233
148 235
148 236
150 235
152 263
189 268
188 269
188 272
190 271
251 352
416 391
226 255
261 285
115 150
353 370
357 371
367 370
359 369
352 357
197 405
402 26
395 29
400 40
404 31
369 66
114 120
114 122
116 124
168 205
170 204
174 208
94 224
93 229
96 227
98 381
101 415
491 411
502 413
504 411
499 404
495 406
498 414
139 41
142 39
138 38
137 34
138 35
159 52
160 50
160 48
156 46
88 57
90 61
206 53
74 142
364 226
364 224
358 220
358 231
362 227
361 223
360 228
133 253
134 249
368 277
369 273
376 442
499 457
499 462
502 464
511 458
504 448
211 462
209 464
66 15
67 20
65 35
64 32
60 29
60 33
62 35
235 400
64 0
68 2
70 5
74 5
71 0
231 51
233 40
71 90
75 85
72 89
112 208
108 203
107 204
107 206
108 207
110 207
228 277
227 278
227 280
127 16
132 18
130 17
132 24
127 20
173 66
172 66
171 67
169 150
294 155
290 158
287 161
294 163
294 161
305 176
26 189
89 238
99 7
108 6
102 8
106 5
176 69
67 123
73 123
71 121
70 122
69 122
138 130
193 207
193 209
191 207
193 212
188 232
194 223
193 216
264 288
372 37
373 37
182 154
175 157
174 157
171 154
170 154
170 156
172 157
173 157
332 175
334 179
333 171
333 174
188 308
194 312
194 310
191 309
212 343
217 340
339 110
128 165
125 163
117 166
130 169
128 168
124 170
116 214
112 211
110 209
108 212
106 213
116 226
118 221
105 222
108 224
111 224
115 217
106 230
103 228
102 230
181 323
189 321
191 315
191 313
190 317
59 216
68 215
68 208
65 207
62 208
375 223
376 220
130 337
125 339
128 338
368 66
365 67
364 63
363 63
353 64
361 70
363 68
364 66
147 245
146 242
144 242
144 244
350 367
353 368
354 366
120 74
136 124
233 132
74 146
404 212
473 397
471 393
469 390
467 391
470 397
325 395
324 397
312 391
165 44
166 44
165 42
164 40
142 65
140 67
141 69
143 70
144 63
147 69
150 69
150 64
147 62
144 65
167 272
165 268
165 272
167 275
141 321
144 323
145 319
144 317
142 316
140 318
408 345
361 383
367 386
365 380
366 379
367 378
368 377
376 382
373 372
371 373
304 442
296 436
276 454
270 467
69 162
18 209
25 221
26 215
23 213
250 332
252 331
252 329
168 0
163 0
163 1
166 0
163 174
163 175
108 219
105 214
174 258
175 258
176 258
204 335
206 329
202 333
182 73
185 71
180 71
183 72
122 239
123 240
311 347
314 345
310 343
120 21
119 27
122 24
442 46
444 44
444 38
439 38
132 44
121 100
123 103
311 164
307 163
308 168
195 188
196 192
200 192
200 189
197 188
196 190
159 447
421 0
410 0
408 10
413 16
419 18
501 36
506 29
488 26
503 34
420 44
413 49
426 64
165 110
163 113
165 112
136 120
136 116
136 114
135 112
132 114
134 112
140 171
271 246
270 246
268 246
266 245
265 246
268 251
272 254
272 247
269 249
261 248
259 252
262 255
265 254
265 248
149 6
142 4
144 5
147 6
146 18
149 21
150 18
147 18
99 167
97 163
94 164
92 166
93 168
95 167
237 429
239 430
249 426
242 421
236 425
236 427
372 95
371 93
374 94
376 94
318 147
322 152
319 147
190 195
185 198
187 198
186 195
184 196
245 452
266 0
291 8
73 57
73 59
75 63
80 64
80 58
328 259
329 257
312 258
312 267
327 261
368 280
366 280
363 281
172 296
148 349
151 351
155 352
154 348
132 110
132 112
468 133
315 198
317 194
163 220
161 220
161 222
214 245
217 245
150 247
152 248
154 247
152 245
151 246
450 39
448 47
31 55
28 54
288 118
450 153
449 143
450 141
386 150
380 151
91 159
89 160
91 163
93 162
94 159
132 184
133 184
243 308
243 305
237 305
179 320
255 302
408 341
407 343
409 344
412 339
496 433
494 435
491 443
499 443
499 437
110 57
102 54
110 60
217 171
220 171
214 175
221 175
216 172
43 180
37 171
32 175
150 223
147 228
149 226
244 287
245 284
242 284
241 284
241 286
242 287
38 276
32 279
29 288
412 358
414 358
413 358
414 361
413 361
414 364
231 370
203 380
206 378
206 376
205 374
203 374
77 29
111 52
113 52
116 49
112 42
129 85
134 88
136 91
137 99
135 96
158 115
90 128
88 131
118 136
115 138
115 140
118 141
120 141
312 169
310 171
309 175
314 177
320 170
315 167
99 240
169 331
166 336
164 337
167 340
174 337
170 341
175 345
187 338
185 337
180 333
176 336
178 342
114 201
112 201
111 203
177 248
181 248
0 417
0 428
4 425
305 148
299 146
98 225
101 226
102 224
193 404
194 403
192 401
192 406
177 78
80 151
74 152
81 160
84 158
83 155
81 154
79 155
137 194
140 193
141 192
144 191
142 188
134 185
137 187
205 215
207 217
212 214
220 222
260 215
264 202
248 198
134 299
131 301
141 300
136 299
143 306
240 336
269 429
105 38
102 35
475 41
480 45
482 45
479 36
133 50
89 149
88 144
80 149
145 239
140 236
138 237
141 239
187 313
187 309
185 309
185 307
182 305
184 314
396 344
232 418
232 416
230 414
504 424
501 425
500 434
506 431
506 429
500 429
251 451
246 447
244 440
127 244
129 244
126 243
125 241
183 241
185 241
319 249
320 245
319 246
322 249
322 244
195 257
196 252
194 253
220 403
221 401
223 399
223 397
217 401
217 90
219 90
221 83
212 89
210 89
186 108
121 206
118 206
115 209
116 211
118 211
121 210
176 219
276 257
275 255
384 324
385 315
384 315
383 378
378 375
377 378
381 381
150 4
153 0
143 0
146 3
419 29
418 26
414 30
417 34
420 32
428 59
433 54
423 50
170 72
169 67
166 67
249 333
246 337
247 338
250 338
250 336
173 346
170 344
167 346
165 352
170 356
174 347
274 363
272 367
279 363
284 367
459 414
456 409
451 402
365 150
360 149
362 154
367 152
20 174
0 190
100 195
247 281
249 281
246 274
244 276
246 280
396 348
399 351
404 346
400 344
399 345
286 381
265 387
111 189
112 189
112 186
171 211
173 209
172 207
169 208
212 443
213 446
214 448
107 106
108 109
119 179
120 182
122 183
123 178
121 179
357 178
355 182
358 185
360 184
359 180
425 298
431 310
435 306
439 305
435 296
431 296
427 303
287 331
26 482
31 493
37 482
36 468
26 474
236 118
233 126
397 130
400 120
397 118
390 121
321 232
330 231
335 227
325 219
321 223
141 269
352 295
355 298
389 344
323 386
324 391
327 392
330 391
329 388
328 388
101 6
196 62
191 64
193 64
62 115
59 114
61 118
63 116
320 154
319 150
171 198
173 198
171 196
273 235
126 245
124 245
225 263
227 265
229 264
228 262
227 262
226 264
219 270
220 269
220 268
218 268
216 269
473 93
368 136
183 205
353 217
133 280
134 281
131 275
161 299
300 367
162 379
165 379
115 240
117 240
4 415
0 412
98 424
220 435
227 435
222 446
228 446
223 443
23 30
20 22
16 27
127 219
127 217
125 217
124 218
125 220
221 334
217 334
218 338
470 423
471 417
476 423
482 403
61 437
64 436
68 430
57 410
64 422
142 14
143 16
422 46
428 47
428 41
379 189
376 187
375 228
373 228
370 229
370 234
375 232
373 236
452 257
444 237
442 235
443 233
435 257
134 267
135 267
342 271
318 268
337 276
341 268
332 263
417 401
415 398
434 71
434 81
116 101
117 103
119 104
121 103
118 100
129 106
131 107
127 126
364 251
365 251
365 249
123 373
122 373
127 371
133 56
135 59
443 94
437 95
438 103
444 104
118 121
157 143
155 144
190 204
191 202
188 201
187 201
189 204
343 238
341 241
339 243
341 247
343 248
345 250
452 99
446 95
444 100
448 102
77 125
78 122
76 123
167 183
166 186
168 187
9 332
1 320
5 330
249 343
244 344
246 342
244 340
243 343
220 339
222 340
226 340
220 337
140 64
142 62
141 59
138 59
137 60
138 62
129 136
125 134
320 137
321 145
400 235
403 236
165 240
165 242
389 133
384 135
383 136
380 141
382 146
386 143
167 7
169 7
171 5
147 29
148 27
142 23
140 24
141 27
114 233
112 232
111 233
113 234
439 443
441 439
438 436
427 456
432 453
434 447
430 435
205 111
192 102
123 134
124 131
117 128
117 131
58 150
60 149
64 150
67 146
68 142
99 161
93 194
126 215
127 214
127 212
125 211
123 211
123 213
123 215
120 347
126 347
118 346
119 346
243 358
241 369
246 373
131 42
134 40
133 36
131 35
124 39
5 110
6 114
5 121
17 117
15 111
333 111
330 112
135 370
78 0
79 3
81 1
109 95
109 99
112 99
113 97
293 228
191 360
40 135
43 147
53 157
52 148
52 142
294 482
146 47
146 52
218 125
220 129
223 119
226 129
229 129
231 124
234 119
227 117
225 121
312 199
307 191
123 352
126 351
125 348
122 347
120 350
294 434
295 434
82 20
84 20
11 164
131 174
133 174
131 171
325 234
323 238
327 237
331 235
328 233
352 253
347 252
348 257
170 263
172 263
174 261
269 278
270 288
276 285
272 281
267 286
263 283
398 401
393 411
404 399
201 0
211 0
198 13
196 17
196 20
205 20
211 16
65 78
67 78
333 127
331 126
271 125
145 170
0 249
29 241
30 233
25 228
24 241
369 249
371 249
140 55
181 80
180 78
178 78
177 80
104 93
102 87
285 157
290 154
294 152
289 146
168 221
163 223
165 220
164 221
155 511
38 39
34 45
51 58
62 57
61 47
54 57
176 59
178 57
267 295
268 289
265 295
31 405
27 402
23 400
5 404
144 273
142 272
139 274
140 277
144 277
196 279
194 280
188 358
184 354
187 359
185 362
183 356
173 361
173 363
175 365
178 365
146 92
149 92
153 91
155 88
151 91
188 260
187 262
190 265
249 293
33 368
29 375
38 380
41 368
366 64
368 62
369 62
365 61
366 62
467 93
470 92
466 81
463 86
465 89
470 89
313 312
300 316
166 377
167 372
158 376
161 377
254 383
254 379
250 377
98 476
99 460
77 464
73 449
64 463
67 462
77 207
81 205
82 204
80 202
78 202
76 204
331 238
328 239
195 286
195 288
205 274
198 279
197 283
209 289
207 288
269 314
268 315
270 316
432 329
435 333
68 54
64 49
65 53
68 51
66 49
113 107
112 109
109 105
113 105
114 104
114 103
114 102
113 101
110 101
109 103
126 112
126 113
130 112
199 204
206 203
170 218
172 217
172 214
169 213
69 355
373 386
376 386
374 384
140 84
141 79
140 80
139 82
166 89
171 90
168 90
154 169
153 171
165 200
167 202
158 203
158 206
162 207
164 206
162 201
248 387
239 396
247 398
239 393
21 46
174 61
174 64
173 59
171 61
170 63
172 64
173 61
106 208
103 205
231 326
235 327
237 329
239 330
239 326
419 441
395 417
389 420
385 426
383 440
395 444
504 93
387 209
386 216
391 207
393 215
395 214
398 215
396 209
395 207
393 207
233 384
237 391
63 3
63 0
59 0
57 0
55 10
59 7
60 4
61 0
255 287
251 288
250 290
250 292
254 293
253 287
140 149
138 150
136 151
136 153
140 152
377 149
115 251
114 251
291 258
289 246
289 251
24 308
20 315
117 145
118 143
117 144
376 245
373 241
372 245
374 246
375 242
143 55
144 57
148 55
147 53
145 54
483 109
127 117
130 119
132 116
129 114
140 118
139 119
139 121
140 122
20 118
15 124
19 127
223 143
226 140
228 137
225 135
216 138
221 143
133 178
132 178
133 182
131 182
131 178
130 178
129 178
126 178
130 182
346 216
349 215
354 222
181 238
182 234
168 233
172 232
237 303
241 303
199 461
320 511
309 511
325 243
118 351
118 355
119 359
170 452
177 454
179 454
484 54
481 59
486 63
486 52
303 171
302 168
299 167
68 191
69 191
71 189
157 201
153 199
155 200
158 199
157 197
156 196
154 197
97 195
95 196
93 199
94 201
96 202
168 235
167 236
168 239
201 249
269 308
267 309
267 311
367 449
373 491
386 467
380 454
346 493
366 493
360 463
351 457
336 456
342 458
134 164
136 163
138 160
135 161
148 261
144 259
148 258
146 256
144 256
173 272
174 272
176 271
173 268
294 326
293 324
289 323
291 328
293 327
511 370
490 375
360 393
363 72
364 72
368 71
365 69
364 69
363 69
362 71
181 85
180 87
181 89
187 86
415 253
414 265
418 264
422 262
421 290
423 288
421 284
419 285
201 371
201 60
197 60
190 60
477 84
476 62
472 74
277 160
277 162
270 163
362 76
335 155
331 161
331 168
339 166
184 171
195 183
190 176
189 178
191 182
192 182
189 179
193 185
194 186
195 186
195 185
194 184
115 205
114 204
113 206
162 262
163 263
208 271
431 322
433 321
433 316
431 315
429 318
274 318
390 395
162 38
158 36
156 37
100 147
102 146
228 234
229 277
318 280
307 293
260 348
138 362
138 364
143 368
138 358
39 28
36 19
31 19
26 15
24 22
25 29
30 26
158 44
161 43
161 40
193 77
104 179
99 183
105 187
103 182
101 188
241 440
477 511
477 499
174 83
173 83
381 137
445 459
104 69
106 69
108 67
108 63
103 61
102 67
480 95
475 97
472 98
475 101
122 110
112 111
110 112
112 114
114 113
85 140
224 211
214 215
214 216
250 318
176 357
179 355
181 354
178 351
177 350
174 351
174 354
166 358
164 354
104 376
110 365
121 373
121 369
120 367
118 366
120 371
183 54
178 55
181 48
176 52
123 73
125 72
127 67
122 62
193 68
194 72
114 130
56 166
52 173
57 176
62 178
376 196
372 193
370 200
372 201
374 200
374 198
137 234
135 232
133 233
133 234
132 235
135 236
136 235
136 233
335 286
339 294
262 321
260 322
258 323
245 323
243 322
242 325
155 43
158 42
157 41
155 40
99 106
100 104
96 107
100 103
100 102
100 99
98 99
149 259
416 276
221 312
218 307
216 308
216 314
125 103
127 103
123 100
143 138
140 138
227 187
244 186
228 179
420 384
58 511
64 511
64 506
52 508
442 19
450 26
446 19
442 23
450 53
152 231
153 236
152 227
151 230
153 229
59 262
64 266
65 257
131 308
130 305
198 337
199 333
196 330
92 42
97 43
101 45
100 40
97 37
95 37
383 116
386 114
388 112
383 107
377 113
368 255
368 252
366 252
499 423
500 421
496 417
494 422
476 429
478 434
482 440
487 435
487 430
482 426
171 59
167 61
169 61
169 57
167 55
165 56
165 58
166 60
169 58
149 162
148 159
154 153
148 157
156 156
366 169
368 165
371 170
373 169
372 166
229 365
223 365
228 367
148 195
145 193
142 195
141 196
148 197
245 265
247 264
250 257
246 253
243 255
241 256
239 260
242 263
245 260
126 273
130 273
134 314
135 315
138 315
374 381
371 379
370 380
369 381
369 382
371 383
373 382
214 455
206 443
180 453
184 455
190 457
187 443
78 25
77 18
71 26
68 24
65 24
63 23
62 29
66 30
67 35
69 37
74 36
72 32
126 172
125 172
125 175
129 175
128 172
371 197
371 193
368 198
362 192
361 198
363 200
366 197
369 192
162 244
162 250
163 249
164 245
157 246
160 245
344 262
344 258
344 255
38 337
46 343
270 364
269 359
144 52
146 49
142 46
138 49
135 54
140 53
142 52
144 47
415 59
400 69
383 96
405 96
416 89
415 74
128 86
126 89
372 98
372 102
373 104
374 99
389 324
390 321
382 342
382 344
384 344
130 377
125 383
130 382
125 377
123 379
25 105
22 111
25 113
28 113
73 108
72 108
72 110
73 111
74 111
74 108
354 235
348 234
354 231
283 254
283 256
285 257
286 252
150 332
149 322
148 326
154 326
190 335
193 330
188 326
182 329
185 334
187 336
152 17
153 15
107 85
105 86
139 293
190 366
189 369
196 372
197 369
194 365
398 18
389 20
120 86
116 83
18 102
17 109
10 106
14 98
13 94
6 91
6 99
7 104
93 113
96 111
342 150
339 148
336 152
147 294
151 298
154 298
263 336
298 376
298 379
438 474
435 474
440 475
499 127
500 125
364 248
365 248
106 3
177 70
250 169
203 200
199 198
202 200
101 202
102 201
100 199
98 202
121 240
212 392
158 446
157 444
119 3
121 2
121 0
119 0
107 3
108 4
110 163
109 161
104 164
145 166
144 165
142 167
143 168
162 208
161 211
200 216
324 452
321 453
32 88
27 83
25 88
27 89
29 89
29 83
162 176
278 267
283 265
283 262
280 262
219 26
214 24
215 27
219 30
363 76
370 80
369 74
368 76
194 159
339 231
348 228
348 224
344 225
339 228
341 232
346 232
258 326
262 326
260 325
16 374
8 362
0 375
0 394
18 385
45 30
51 33
46 43
54 34
64 40
63 38
61 37
56 44
63 44
221 155
224 159
203 211
201 208
200 210
202 211
226 276
228 274
226 270
223 272
236 310
236 312
237 315
239 314
241 314
243 310
237 309
369 431
381 425
375 431
139 26
135 28
134 30
134 32
135 33
139 30
348 99
347 98
192 114
192 119
192 123
200 127
204 118
202 112
68 186
85 188
68 167
67 179
73 166
78 187
85 177
107 179
342 304
341 301
335 300
332 309
263 325
264 322
268 321
265 321
270 326
271 326
271 322
270 322
269 322
267 325
469 415
478 404
475 400
473 399
474 406
109 4
110 2
110 5
217 32
214 28
210 27
209 28
216 34
17 150
13 155
150 176
148 179
150 181
151 181
152 181
154 179
151 177
126 198
124 203
127 265
125 261
332 460
339 486
343 473
302 459
75 47
71 48
73 50
367 272
364 273
363 273
362 276
363 277
366 277
459 382
218 390
210 382
214 391
109 2
107 0
107 1
88 64
89 68
92 68
91 64
216 73
217 71
359 75
360 77
99 121
93 127
99 125
97 120
91 126
92 115
429 277
452 272
437 273
432 288
438 294
445 301
452 283
438 291
334 355
338 351
330 346
124 120
119 122
121 124
124 125
126 121
322 161
322 164
324 170
327 165
326 163
270 301
268 302
266 305
270 306
217 331
210 327
102 349
409 351
408 347
403 350
503 434
503 437
507 438
507 436
505 433
241 463
236 459
234 465
196 261
194 261
204 271
206 270
205 267
203 266
249 307
251 309
384 314
385 313
383 310
126 345
127 344
129 345
131 341
127 339
126 340
80 16
76 6
72 8
77 16
285 230
275 227
285 232
274 234
277 231
275 233
223 240
223 243
227 240
225 245
184 244
183 247
186 243
388 266
385 261
511 442
507 442
505 443
507 448
511 451
433 480
429 486
433 490
435 481
432 488
485 0
479 0
475 5
202 22
204 24
209 43
206 30
206 26
155 115
157 115
158 113
157 111
152 109
152 112
154 114
136 146
134 143
133 145
133 147
135 148
214 181
216 182
216 178
167 200
291 196
261 234
260 237
261 239
263 234
343 308
346 309
346 306
345 304
343 306
224 406
217 407
227 411
12 56
21 50
203 248
206 247
211 246
197 254
198 261
205 260
205 258
201 251
216 250
216 247
215 247
213 247
215 251
362 256
462 260
467 268
218 351
493 496
490 498
485 511
298 155
298 159
303 159
299 153
130 229
134 230
135 228
135 226
134 225
133 224
132 222
130 222
129 223
129 224
129 227
183 264
182 268
177 269
173 263
174 266
182 266
175 266
181 262
182 260
182 259
180 257
177 259
175 261
370 268
382 312
381 310
379 310
379 311
381 313
267 15
253 9
243 31
153 86
151 86
169 116
166 117
165 35
163 35
163 37
144 30
142 35
144 37
145 38
147 40
150 35
149 34
147 32
154 39
153 38
151 37
149 41
275 217
280 223
288 223
291 221
130 233
130 230
400 8
403 0
387 0
392 4
162 111
162 109
160 108
160 110
161 112
118 164
157 158
163 164
164 161
163 159
161 159
159 165
187 166
182 169
183 169
180 166
179 166
179 167
180 169
181 169
371 189
374 190
374 183
372 182
370 186
373 186
370 215
373 220
370 219
382 218
382 214
257 249
259 247
260 243
258 243
259 241
251 242
252 246
247 291
246 290
243 289
242 289
236 290
243 300
247 296
247 293
221 91
218 94
219 98
221 99
225 99
224 91
153 122
117 238
118 240
120 239
121 238
117 237
285 267
272 270
275 277
281 277
278 269
123 192
124 192
125 190
142 212
173 223
171 225
170 226
171 227
172 230
177 230
176 226
172 228
352 258
348 259
345 267
348 268
350 268
354 266
353 262
346 262
137 332
130 10
131 7
130 5
128 7
128 9
197 304
198 302
192 291
191 297
190 301
192 304
194 302
284 316
286 318
291 319
171 92
172 93
173 93
174 93
174 91
173 91
172 91
176 165
178 165
184 161
269 311
271 313
271 308
281 311
271 299
272 306
390 320
391 320
387 315
388 319
387 310
388 314
391 319
396 324
393 321
392 322
117 26
114 25
112 25
319 145
318 139
156 250
154 251
155 251
156 253
159 254
160 254
160 250
158 250
157 250
17 306
477 479
471 475
476 480
475 471
473 471
473 474
472 59
457 58
466 54
470 70
507 119
504 121
501 124
505 127
511 126
152 126
157 123
154 124
107 158
108 156
109 152
107 153
105 154
105 158
199 152
202 163
209 159
52 195
129 235
122 237
124 238
126 238
128 236
126 234
218 253
224 252
221 248
239 387
133 106
139 100
136 102
139 108
140 102
136 107
143 109
146 108
144 105
142 104
141 108
504 130
511 134
511 132
511 129
505 129
207 267
203 262
203 264
206 266
209 265
206 262
361 373
361 374
364 375
369 375
364 372
144 17
143 21
143 23
145 22
146 20
145 19
142 20
172 162
173 164
175 163
174 160
173 160
212 261
215 260
212 259
214 261
229 299
233 292
226 293
228 294
52 322
52 333
60 340
276 336
277 334
151 433
169 19
179 10
173 12
116 195
112 191
110 192
112 196
114 196
67 224
67 233
80 219
77 219
211 262
211 261
210 259
209 260
209 262
231 280
230 281
228 281
230 283
233 280
233 350
230 345
220 354
223 356
226 354
387 390
463 394
459 400
465 408
467 402
464 396
134 90
132 87
129 88
406 357
402 357
397 357
396 362
409 360
113 7
111 8
109 9
112 14
177 101
150 167
148 164
146 168
147 170
150 172
152 169
132 220
134 222
354 382
343 389
360 404
354 394
340 393
166 76
167 74
373 206
224 329
220 330
225 336
70 9
67 12
68 15
69 20
75 17
74 9
110 87
296 118
300 123
115 87
114 91
118 93
120 92
120 88
35 98
28 94
26 99
28 103
140 146
136 142
138 145
273 243
283 235
277 236
275 238
279 242
282 241
283 237
221 273
219 276
221 277
223 274
361 301
359 292
357 293
357 298
130 399
129 399
128 395
133 396
128 387
218 205
156 226
264 277
266 278
267 274
265 272
222 314
220 316
223 318
293 438
293 437
291 435
158 145
156 145
153 146
153 149
157 148
158 147
167 152
160 147
141 185
145 180
138 182
321 254
321 251
329 252
323 249
326 254
188 354
255 459
242 493
252 484
255 506
281 504
266 483
258 511
234 503
156 511
213 493
215 487
207 465
201 464
189 460
326 117
327 114
385 258
388 257
389 244
381 247
381 253
223 333
234 330
233 328
230 328
122 118
125 116
127 115
126 114
124 113
120 117
454 134
457 129
139 165
141 164
138 163
131 193
132 195
192 267
201 271
199 264
233 333
229 333
229 336
234 334
114 438
156 441
155 437
152 436
149 434
499 40
493 34
491 44
96 176
94 177
101 179
233 237
232 238
236 242
238 242
243 236
219 292
221 292
222 289
220 287
217 288
217 291
203 388
206 391
203 391
202 392
202 394
204 395
206 393
326 465
302 480
301 499
322 501
327 494
327 483
375 32
374 29
370 36
373 33
275 123
283 123
282 132
284 125
277 125
167 262
172 268
172 266
170 265
166 267
171 270
235 348
435 113
437 108
310 162
313 162
317 163
177 300
171 298
179 304
62 86
65 85
125 320
121 324
444 441
99 5
98 4
105 3
105 0
103 0
101 0
103 4
95 71
96 72
99 72
100 71
101 70
101 66
94 67
26 118
23 118
22 127
28 129
34 123
30 119
338 251
335 248
333 251
333 254
226 448
232 459
228 452
218 467
223 466
222 453
217 457
212 459
217 462
177 97
177 95
176 93
175 93
175 95
176 97
246 251
244 251
244 248
246 247
242 242
240 244
131 298
130 296
129 300
129 296
114 288
103 287
150 316
152 320
159 305
153 303
148 306
146 309
148 311
151 312
160 307
306 324
308 334
370 67
383 70
375 59
380 69
145 100
150 104
149 95
147 98
152 99
152 95
211 231
464 371
466 374
462 373
460 375
459 9
452 11
449 18
454 21
459 20
211 331
208 331
211 336
213 337
215 336
213 333
390 397
393 399
395 398
396 396
391 395
237 93
238 104
240 103
237 98
236 104
164 107
165 108
166 106
161 117
158 117
159 119
156 142
158 141
163 187
164 188
110 249
108 249
106 250
112 250
33 83
40 71
33 70
33 75
291 243
296 255
241 248
238 244
232 246
229 246
226 251
228 255
237 254
239 252
458 284
452 289
453 296
511 271
500 269
495 274
491 273
472 274
469 280
347 368
350 364
347 361
345 366
349 366
3 24
1 22
0 18
6 23
12 22
0 13
23 84
25 83
18 81
21 84
332 120
334 123
335 126
336 113
331 115
343 115
344 122
348 122
351 121
352 117
348 118
346 122
92 150
91 142
91 146
94 147
476 193
484 201
511 217
511 156
488 199
497 213
459 155
258 237
254 237
253 240
258 239
493 490
510 472
426 41
425 36
423 37
421 37
420 40
424 42
114 148
114 146
113 148
127 146
127 149
128 150
129 151
130 149
129 146
254 176
249 183
256 198
271 190
264 179
330 248
187 259
96 46
86 53
100 55
92 59
97 61
98 56
98 51
96 50
90 56
415 334
425 325
423 319
409 327
421 317
422 309
422 307
416 306
419 319
473 414
488 415
488 411
485 407
481 409
483 420
168 114
170 114
171 112
170 111
168 111
168 113
381 157
403 216
253 327
71 140
63 127
58 137
66 139
215 237
377 368
368 367
372 353
361 358
361 363
244 388
247 384
248 378
240 384
239 372
235 372
232 375
233 378
236 382
244 375
153 41
149 43
152 45
223 81
227 81
228 75
456 172
470 182
478 183
479 176
466 164
458 169
459 182
114 189
114 191
117 194
233 389
227 387
224 388
222 389
225 396
231 392
231 390
230 386
10 38
345 288
349 297
343 291
341 296
347 300
228 415
225 415
233 423
234 421
230 420
434 76
418 72
427 80
429 79
431 77
431 73
427 70
85 117
87 122
90 124
93 117
88 116
125 137
123 136
121 137
126 138
128 254
130 253
129 248
127 247
124 249
375 304
372 303
275 420
276 417
286 417
287 414
278 415
289 446
290 438
286 439
283 440
285 443
430 23
429 25
427 26
437 31
439 30
434 26
432 30
212 57
316 316
341 314
340 314
327 342
334 343
342 344
345 335
332 312
318 334
338 314
337 313
200 421
172 448
186 439
169 425
169 439
181 440
176 423
161 60
163 59
161 57
157 58
165 95
174 100
174 104
175 102
151 118
80 132
80 129
78 130
181 172
379 274
377 283
215 349
212 346
210 353
214 351
436 11
443 10
446 5
438 0
427 18
430 20
434 19
423 17
409 219
410 227
413 236
417 249
435 233
441 223
364 256
367 256
366 254
223 258
219 255
219 260
221 260
222 259
145 301
143 302
144 304
145 305
147 305
149 303
146 300
437 327
435 321
433 326
434 329
194 82
194 84
191 87
117 116
119 113
19 148
19 138
22 147
26 147
29 144
26 139
365 267
439 447
440 453
112 475
111 460
240 84
244 86
248 84
180 173
58 383
60 358
56 370
142 91
145 91
76 121
77 121
77 120
77 118
74 122
106 186
109 186
111 184
106 182
419 400
418 391
416 393
415 393
415 395
416 396
417 393
448 459
451 461
457 458
454 455
452 453
172 166
174 166
164 282
164 285
165 287
164 284
277 310
275 311
274 312
275 316
278 315
280 313
495 122
497 122
491 118
377 133
384 122
383 133
385 131
381 123
377 129
118 236
122 235
123 234
120 229
119 231
118 233
167 256
167 258
169 259
172 258
228 327
224 325
224 328
227 329
308 361
318 355
310 353
506 507
509 507
511 505
82 37
79 43
85 46
90 43
75 115
74 115
74 117
75 119
76 117
168 248
174 249
175 81
174 81
67 82
66 83
164 102
163 105
164 106
376 116
373 113
376 113
374 116
372 114
114 127
114 125
162 146
163 146
164 146
129 198
127 198
127 200
428 491
73 125
72 124
69 125
67 125
139 139
134 140
133 130
132 133
131 137
132 139
139 136
141 135
141 133
140 132
136 133
145 144
145 141
143 140
141 140
142 144
134 187
133 186
132 188
163 272
153 270
160 273
161 270
188 437
179 421
197 415
197 413
196 410
193 412
57 110
60 112
354 253
359 254
363 253
362 250
351 236
346 239
408 272
410 271
412 267
410 259
402 269
138 276
136 276
494 69
491 74
481 73
487 83
491 90
496 86
209 309
204 312
205 316
207 310
198 34
201 32
200 25
195 23
11 62
16 58
16 65
21 57
30 66
31 60
27 58
24 57
24 65
159 102
157 103
158 105
160 105
335 145
326 147
221 224
492 259
459 220
455 234
487 234
487 227
481 224
474 224
467 245
215 282
214 279
206 279
206 285
210 284
384 342
386 341
86 16
91 20
94 21
95 16
95 15
93 13
88 13
175 67
176 68
178 66
176 66
172 153
166 146
166 150
132 261
131 264
134 265
129 259
127 263
128 264
129 264
130 261
127 261
143 262
147 263
146 261
310 158
318 158
308 150
398 250
406 262
405 255
402 252
396 253
398 262
401 261
211 278
211 274
209 274
207 276
208 278
258 334
259 336
261 336
262 334
457 92
462 102
470 104
469 99
465 94
190 18
189 15
183 10
186 19
183 69
182 59
180 61
180 64
212 98
212 95
209 93
123 199
121 200
119 201
119 203
120 204
122 203
226 287
226 289
226 291
229 291
413 308
180 74
180 73
178 71
176 73
273 336
271 337
110 345
117 341
119 340
124 341
94 220
93 222
95 223
98 222
97 219
405 248
406 250
409 255
408 247
460 425
451 421
441 422
441 427
440 431
442 434
444 435
227 431
229 434
502 149
470 141
486 151
500 142
503 132
495 128
158 194
158 193
156 193
157 195
380 196
383 193
381 192
378 193
378 196
134 311
132 307
139 311
142 308
141 304
134 306
136 310
57 323
60 332
331 356
328 351
230 429
231 424
224 429
227 429
149 74
152 77
155 72
154 73
150 72
164 118
163 117
353 126
351 129
351 133
354 131
357 127
299 210
306 204
302 199
293 201
291 211
168 223
167 222
157 229
156 229
155 231
158 232
251 431
245 438
246 445
260 455
260 431
271 434
272 451
277 448
276 446
275 438
262 455
266 455
269 453
270 450
255 449
323 351
322 353
325 355
326 352
305 419
142 28
147 26
148 24
147 23
144 24
440 83
443 86
449 90
156 162
113 185
114 187
227 321
224 321
225 324
228 325
128 158
132 155
129 153
127 152
121 163
112 278
120 276
121 273
124 264
101 259
109 275
172 414
117 183
114 181
116 179
117 176
114 175
109 180
66 188
63 186
57 186
58 198
62 201
67 194
126 204
364 265
363 265
249 311
247 312
247 315
250 315
251 313
235 365
234 366
235 368
237 364
238 368
59 502
65 498
67 492
68 486
65 482
55 481
49 483
50 497
54 498
239 68
239 51
237 59
237 62
86 221
81 234
88 233
90 232
92 232
92 230
92 228
91 226
342 318
342 315
345 316
344 316
342 317
345 318
230 65
231 63
229 58
220 64
222 72
357 89
344 86
355 89
356 82
176 103
175 105
178 105
305 152
303 156
306 156
378 21
376 21
373 26
375 22
360 25
354 3
318 0
342 20
347 0
70 98
70 99
71 94
70 95
70 97
72 99
178 214
179 218
186 208
67 249
68 257
67 263
68 268
80 271
84 256
77 245
229 288
229 286
228 284
227 284
227 286
227 287
344 434
354 424
343 411
340 422
57 424
52 411
283 189
286 189
288 189
292 186
285 164
279 171
276 181
288 177
166 226
168 226
169 225
168 224
166 223
166 225
96 240
97 237
95 234
94 240
172 277
172 279
253 308
251 306
125 0
127 4
129 4
26 66
28 66
29 76
26 77
24 68
21 65
18 71
18 75
22 76
27 71
209 61
203 61
212 69
213 81
218 75
214 74
277 338
275 337
287 350
277 347
308 345
309 348
301 358
308 351
291 349
246 454
241 461
470 482
454 480
446 470
441 478
437 479
438 483
131 104
127 98
126 100
128 102
133 102
133 94
132 93
130 92
128 92
128 96
130 98
348 101
345 101
341 104
348 133
347 128
341 132
164 32
163 30
161 32
162 29
159 26
158 26
157 30
159 31
161 28
96 102
93 102
91 105
93 105
96 104
288 364
296 365
291 355
288 352
283 357
286 361
294 357
289 435
290 434
287 420
279 432
276 434
283 436
25 185
22 177
14 198
24 201
24 190
162 187
161 187
157 191
160 192
162 191
163 190
163 189
160 188
208 207
208 206
207 204
206 204
205 204
207 207
317 242
317 240
205 349
208 348
397 231
392 234
397 236
398 233
213 329
446 114
449 118
288 30
273 22
259 42
154 77
152 80
305 122
299 125
303 124
312 133
310 129
308 129
363 258
361 258
362 264
367 267
367 259
366 259
364 258
364 263
366 264
166 31
166 33
167 35
207 108
209 108
210 110
215 104
210 100
370 131
370 134
372 135
376 136
375 135
374 131
99 130
96 130
92 130
97 146
76 143
79 144
82 137
169 149
184 146
183 140
186 133
179 136
177 136
182 149
67 155
72 156
69 154
69 158
143 157
141 157
139 159
139 161
140 162
143 161
143 160
144 158
176 176
372 300
369 297
366 296
370 302
365 300
362 305
364 308
369 307
370 304
349 308
350 308
351 309
354 309
355 310
359 307
355 302
354 301
353 300
351 299
349 302
350 304
353 306
31 10
32 13
38 11
32 3
30 4
29 9
157 8
156 5
157 3
153 4
152 5
273 252
279 249
278 246
273 247
273 249
304 396
299 391
294 393
399 326
406 328
401 330
400 331
402 333
403 333
404 333
415 364
415 366
416 368
103 155
98 153
97 157
100 159
103 159
350 317
348 314
347 318
350 321
350 319
348 320
68 323
65 325
79 339
85 338
104 334
106 312
83 304
77 321
67 334
280 386
275 388
272 371
270 370
266 373
263 380
266 384
273 374
282 376
284 371
283 369
280 367
277 369
345 363
341 361
338 360
336 361
331 366
340 373
343 370
343 366
507 24
505 17
90 207
96 209
93 208
114 235
113 235
112 235
110 235
110 236
111 239
113 238
115 237
352 318
353 321
354 322
355 322
356 318
54 404
57 392
66 404
96 82
95 79
277 264
276 260
273 265
263 260
269 265
274 258
272 256
269 257
267 258
270 261
371 276
376 273
371 272
356 92
350 92
490 124
474 129
478 118
489 127
482 115
121 18
121 16
118 19
351 246
356 240
360 241
360 247
182 285
178 283
177 286
177 287
180 288
330 302
317 307
329 308
323 298
316 299
440 417
443 414
423 406
422 409
425 412
428 413
428 401
436 420
438 419
432 419
181 69
180 69
181 68
181 66
179 66
178 68
369 80
358 82
357 85
151 116
148 114
145 114
143 116
78 149
77 148
75 149
77 151
381 172
382 175
383 176
389 181
386 177
393 151
386 157
381 168
383 169
379 167
382 161
378 166
375 164
376 164
142 249
144 252
146 252
144 249
146 246
145 248
289 325
287 323
284 323
283 324
283 326
284 327
286 328
287 326
126 9
124 9
355 91
354 89
353 92
429 92
413 98
432 102
415 113
415 117
425 112
430 107
416 106
139 45
138 43
134 190
133 191
133 193
134 194
135 192
511 60
505 50
498 50
494 51
490 62
502 65
272 317
271 317
269 318
271 320
273 319
129 134
131 131
131 129
125 130
125 132
250 350
255 348
255 346
250 345
248 349
451 59
452 66
445 64
440 67
442 74
502 257
511 260
511 245
500 241
466 454
476 457
482 453
482 443
479 439
475 440
472 456
181 20
180 17
173 16
175 24
183 173
136 182
135 183
135 185
137 184
370 283
366 285
366 290
369 292
374 284
369 286
217 360
216 359
215 357
213 356
210 359
210 361
73 398
82 394
66 383
67 390
412 501
408 511
416 511
423 508
419 506
64 88
65 89
92 108
90 109
89 111
91 112
94 112
94 109
60 165
66 165
68 160
65 153
63 152
60 151
58 156
65 156
200 195
200 197
170 230
170 232
290 231
293 237
286 235
286 242
285 237
284 239
285 240
289 240
187 69
187 73
190 73
192 68
101 83
104 84
105 84
102 77
101 78
103 80
455 123
459 115
451 118
450 108
449 107
447 109
449 113
453 109
20 221
13 220
0 220
0 235
5 249
18 246
19 229
270 335
273 335
273 329
270 328
268 328
275 332
453 450
455 450
468 443
465 437
118 74
256 112
253 123
261 123
267 121
235 140
229 141
226 145
224 151
232 159
227 166
231 170
247 162
125 352
241 466
223 488
233 491
244 480
220 474
241 484
224 465
225 468
234 467
229 465
225 464
133 119
135 121
145 59
34 103
35 112
40 115
38 100
50 114
54 109
56 93
55 82
40 85
41 95
89 134
89 136
90 140
96 192
98 192
99 191
99 187
96 187
94 190
254 295
256 295
253 302
253 296
249 296
255 300
387 326
384 326
457 351
448 345
450 352
322 401
309 398
320 400
119 8
117 8
117 15
121 9
120 14
122 14
124 13
125 11
123 10
19 40
22 34
19 32
16 31
15 37
169 46
168 43
180 85
180 83
180 81
179 85
167 106
169 107
171 107
174 105
171 109
173 110
175 108
174 107
172 107
333 249
334 248
334 246
12 17
17 19
21 0
18 14
21 10
26 8
157 189
158 186
153 181
153 188
320 237
322 236
321 234
262 346
264 353
263 356
265 357
270 356
271 353
152 432
161 432
68 118
70 116
68 115
66 115
65 116
65 118
67 119
158 235
157 238
247 250
251 248
250 256
252 256
254 254
248 253
396 273
392 274
416 287
400 290
410 292
413 279
411 275
409 277
407 279
415 284
409 377
406 370
401 368
394 363
386 373
398 379
404 381
370 43
369 43
367 48
369 47
371 46
252 126
239 132
243 124
242 121
237 124
237 131
172 252
169 254
171 258
173 255
361 285
360 284
358 283
357 286
359 287
361 287
151 162
151 165
153 167
154 164
153 161
220 224
220 223
219 222
218 222
217 222
218 225
134 402
131 403
133 407
76 55
80 55
84 55
82 51
171 200
173 203
174 200
174 199
172 199
351 200
353 201
347 210
352 211
358 209
357 205
355 203
157 218
154 219
154 224
157 224
158 222
157 220
153 220
198 366
202 370
204 367
205 364
294 338
293 333
290 332
295 335
209 343
207 339
199 345
203 347
206 343
206 340
201 341
231 408
236 414
236 418
240 420
241 418
242 417
237 412
246 399
239 398
235 403
258 321
260 319
258 316
255 318
254 319
287 340
286 345
291 347
294 342
291 336
290 335
289 335
286 335
286 338
290 338
156 12
159 14
160 12
159 9
157 10
151 249
148 248
147 250
149 252
155 281
159 276
157 275
155 279
160 280
200 301
200 292
197 297
19 456
25 457
28 454
24 449
187 156
191 159
155 172
154 173
133 331
131 332
132 325
129 324
126 327
134 327
232 442
239 441
241 438
237 431
233 431
231 436
126 106
124 107
124 109
125 110
129 108
127 107
329 194
348 204
346 198
344 196
341 196
336 202
337 209
342 212
344 210
343 205
342 191
344 191
336 186
97 212
378 385
383 387
386 385
383 383
380 384
380 387
212 441
214 440
217 438
212 433
487 7
481 9
479 11
475 12
480 19
484 15
499 25
501 23
499 16
494 15
495 22
168 72
165 69
163 68
161 70
162 72
165 73
166 70
168 227
166 227
165 230
168 230
170 229
108 236
108 233
105 231
103 232
101 233
98 235
99 237
101 237
104 236
332 247
327 414
331 402
325 401
321 403
319 407
321 407
324 413
327 403
322 403
190 201
191 200
192 198
189 197
189 199
406 338
406 336
404 335
403 335
405 338
165 449
167 441
159 436
158 441
160 445
174 89
175 91
176 91
176 89
82 148
83 151
86 150
85 145
118 226
121 228
122 222
120 223
414 384
419 383
418 377
417 377
416 377
249 321
245 318
244 321
247 323
128 302
122 293
124 310
128 309
129 305
128 304
126 309
121 375
120 375
117 376
121 379
122 379
123 377
432 421
431 422
433 425
436 425
437 422
434 421
177 75
175 74
173 75
150 79
148 76
146 75
144 77
147 81
122 144
124 145
127 143
124 141
123 140
121 143
293 166
295 177
302 177
300 172
298 169
165 38
378 115
380 118
376 118
374 118
374 124
377 124
379 123
379 406
378 389
371 391
364 396
370 402
358 410
467 45
458 38
463 40
457 40
450 42
453 50
458 51
461 49
119 146
118 148
119 149
121 149
431 14
433 6
430 0
425 0
423 8
237 73
236 76
236 80
238 80
240 80
239 74
79 134
78 133
79 136
75 138
77 132
74 128
72 128
68 130
69 138
347 183
347 176
344 171
336 180
338 184
299 214
303 225
307 213
309 223
312 224
314 220
312 214
219 257
217 254
216 258
215 254
214 252
209 257
212 257
213 258
211 293
208 303
212 306
216 303
214 298
211 296
229 360
226 357
224 360
227 362
185 392
176 405
143 206
154 202
152 200
148 200
151 205
398 317
404 312
404 307
402 295
398 292
377 290
385 304
393 306
163 91
161 90
160 91
165 92
487 118
490 110
485 109
484 111
483 114
490 115
493 117
497 117
494 111
174 274
173 276
175 280
177 275
177 279
183 280
185 276
181 275
179 275
374 306
374 307
377 309
379 308
375 305
110 393
115 381
123 386
124 384
124 382
122 382
122 387
103 445
94 424
74 440
82 447
106 93
105 89
108 92
111 93
111 89
108 88
117 329
118 329
120 327
120 326
119 325
209 355
206 350
204 351
206 358
198 363
205 360
202 353
198 348
192 350
195 359
164 171
163 168
168 168
169 167
169 165
167 163
166 164
164 166
269 234
266 232
265 233
265 234
265 237
269 238
138 5
140 5
141 3
138 2
140 1
139 0
64 92
63 94
62 97
68 93
66 93
65 94
64 97
65 97
66 97
68 96
114 157
113 159
116 162
366 156
366 158
369 155
369 161
373 162
379 160
379 156
377 155
373 154
376 160
188 343
185 349
191 347
195 343
197 340
196 338
190 339
190 341
194 344
264 391
280 390
275 391
275 405
277 406
285 394
260 331
261 329
260 327
258 327
257 329
219 385
217 381
214 381
211 385
219 387
109 0
112 1
114 1
117 3
118 0
132 214
141 206
131 211
130 209
128 205
125 206
127 208
128 208
132 202
130 202
128 203
129 205
132 205
223 256
224 256
222 253
220 254
221 256
242 328
243 332
246 334
355 106
354 109
357 115
363 112
131 266
128 266
126 267
213 426
205 424
210 429
98 208
98 211
101 211
104 210
101 205
76 98
80 89
81 99
87 92
85 92
83 90
208 209
210 212
211 212
211 210
210 209
209 209
213 233
210 232
174 253
176 254
178 254
178 252
176 251
377 271
380 270
378 262
376 260
373 259
371 259
370 262
372 265
483 343
511 347
468 284
393 35
159 151
160 153
160 155
162 154
164 153
165 148
382 340
386 338
386 336
384 330
381 333
381 336
277 52
255 325
256 324
256 321
253 321
251 323
188 412
185 408
182 406
180 407
178 409
179 412
181 415
415 39
409 41
405 41
404 48
409 48
414 46
364 95
22 413
11 415
35 418
28 416
381 38
378 44
378 48
380 55
387 58
393 54
392 43
348 113
350 105
346 104
342 105
342 107
343 109
349 110
119 132
123 129
121 126
120 128
393 324
397 326
396 325
395 324
394 324
380 101
375 109
376 109
381 108
375 105
373 107
271 244
272 243
271 241
270 244
269 242
268 239
265 240
266 243
268 245
130 58
130 61
132 62
133 60
132 58
450 133
452 129
451 124
437 118
419 123
440 145
449 134
447 123
161 142
161 143
162 144
165 145
166 145
170 140
162 140
305 145
314 139
313 137
311 136
314 151
316 147
317 145
315 141
313 141
308 148
213 213
215 213
218 210
209 206
212 209
216 205
193 252
185 247
189 255
194 250
199 241
197 237
191 238
190 240
189 243
198 246
257 298
258 301
262 302
262 300
259 299
36 511
30 500
13 502
13 134
0 123
0 162
2 147
15 138
250 299
248 300
248 302
249 303
251 302
362 108
369 108
371 102
370 98
368 97
362 95
355 102
358 103
360 102
363 99
62 101
63 107
66 105
64 102
79 175
86 173
88 169
86 168
84 173
84 168
82 174
147 143
149 144
380 14
378 12
375 10
377 17
379 18
101 213
98 217
100 219
100 221
103 221
105 220
103 215
170 388
161 385
158 386
156 387
160 397
162 396
165 391
175 210
177 212
181 209
176 208
249 400
248 404
258 400
252 399
250 405
311 185
310 181
304 180
306 185
78 126
79 127
346 163
347 159
346 153
344 152
340 156
125 183
129 182
127 182
128 189
129 189
131 188
132 186
130 184
125 185
201 195
201 197
283 338
284 336
282 335
280 336
281 339
411 344
410 347
409 347
410 350
411 350
412 351
331 381
331 385
331 383
333 385
335 383
333 382
213 414
213 411
209 410
201 418
168 2
165 2
166 6
169 4
171 2
251 91
246 88
245 90
244 92
256 102
247 94
245 95
243 96
243 99
244 108
254 103
250 96
144 131
147 130
149 128
140 128
142 129
141 124
140 126
461 343
479 341
511 304
460 319
444 316
449 323
454 334
441 404
445 392
446 388
440 385
435 384
432 396
441 396
134 45
134 47
136 48
138 46
136 45
168 32
168 36
168 40
174 44
177 43
369 90
371 89
367 90
370 84
361 80
358 86
360 89
362 90
364 90
421 473
423 474
426 469
426 463
416 446
394 458
420 472
196 73
167 213
167 211
164 210
163 213
99 135
91 134
92 141
99 143
102 141
101 135
125 160
127 157
125 154
120 159
122 150
120 151
97 215
94 217
91 218
91 210
88 208
85 207
94 213
168 282
170 288
173 287
175 285
173 282
170 282
168 286
163 286
156 289
157 294
160 294
165 294
164 288
157 288
231 88
228 92
230 95
233 95
233 90
304 189
304 187
301 182
298 185
144 236
147 235
147 233
145 231
140 233
140 269
137 270
137 272
140 272
48 425
50 446
52 432
38 426
37 446
31 432
31 447
16 447
26 434
14 439
22 444
22 432
23 429
8 424
9 432
15 435
172 185
179 186
180 184
177 180
176 178
175 178
107 190
109 191
110 190
110 189
108 187
138 426
137 415
134 413
129 403
128 400
115 419
131 408
90 26
87 25
85 24
93 38
91 31
83 32
83 35
87 37
13 42
15 47
10 43
6 41
12 50
14 49
68 67
66 67
61 63
54 67
54 72
63 76
65 73
64 69
368 116
365 118
366 120
368 122
371 116
124 314
122 313
121 312
123 317
137 1
132 5
136 0
132 0
130 0
131 3
134 4
163 11
165 9
164 8
163 7
161 8
161 10
67 85
70 86
70 84
68 82
68 84
267 332
264 331
265 334
267 336
269 333
155 354
153 358
156 360
158 355
154 356
267 456
263 463
262 458
260 457
151 143
153 143
149 139
149 141
151 138
153 140
221 341
216 347
220 350
222 351
224 350
228 344
224 344
197 168
195 173
201 181
202 183
213 178
210 171
205 170
203 170
196 176
233 314
231 313
228 313
226 315
226 319
230 320
87 108
92 103
86 98
82 102
89 104
212 130
202 129
285 320
165 451
162 449
160 448
366 216
366 213
362 210
360 213
362 215
172 99
173 97
172 95
171 95
170 95
167 95
169 95
169 93
157 256
154 254
151 255
150 257
151 261
36 328
27 321
24 322
15 328
23 335
32 332
132 384
132 388
133 393
88 96
91 99
89 93
93 95
101 92
97 86
89 88
97 184
99 180
94 179
92 185
93 185
88 187
182 245
167 243
171 248
179 242
176 245
177 240
174 236
172 235
170 235
169 239
290 285
290 288
293 293
298 291
306 267
297 265
292 277
303 282
154 129
154 131
156 132
159 132
188 176
186 173
184 173
137 294
132 293
125 285
129 291
131 292
316 344
313 348
319 351
320 349
320 347
316 347
444 444
451 450
452 448
17 6
17 0
13 0
12 6
197 196
198 195
198 193
195 193
193 194
195 196
394 229
391 230
396 217
394 218
392 218
388 218
390 227
378 239
379 237
377 232
376 236
131 287
133 287
134 284
133 283
132 283
130 287
380 12
381 13
391 7
385 3
383 0
381 0
381 4
379 8
383 4
173 85
175 87
176 87
178 87
178 85
178 83
175 84
80 168
82 165
336 233
333 231
332 233
440 341
438 345
429 333
420 332
433 336
120 355
120 361
121 362
125 363
127 362
128 358
126 357
120 359
461 378
464 384
469 384
468 381
464 377
97 0
96 7
96 5
162 224
159 224
158 225
158 227
160 229
162 229
164 228
162 226
123 320
115 313
116 321
118 322
120 322
121 322
122 319
121 317
368 56
367 57
367 59
369 58
373 89
377 88
379 80
378 75
376 74
371 75
371 80
372 84
128 393
126 391
124 390
119 393
119 401
126 396
127 394
147 84
143 82
141 87
144 88
148 87
187 284
191 284
190 281
187 279
185 280
185 284
351 146
348 146
351 143
351 139
348 139
348 143
248 421
252 421
253 412
245 417
245 420
467 29
463 33
465 37
473 35
0 71
7 49
0 42
4 65
8 62
9 55
9 50
456 369
66 361
65 372
71 377
76 377
87 368
74 360
394 394
394 392
392 390
389 390
391 393
511 481
511 502
504 486
501 511
503 507
504 504
507 503
499 496
498 498
496 499
167 20
165 19
163 17
161 19
162 21
164 26
167 26
166 23
162 25
361 136
366 137
363 145
367 147
245 328
247 330
246 326
250 328
252 325
249 324
247 325
248 329
341 136
339 137
335 138
337 144
340 146
345 144
344 137
298 293
307 307
310 305
312 300
306 295
211 311
208 316
208 320
212 322
217 320
217 317
214 315
212 316
457 436
446 439
447 443
451 444
138 9
136 7
133 9
133 11
138 12
165 104
166 105
168 100
167 97
165 100
166 102
152 185
151 183
148 182
148 184
150 186
214 203
216 202
216 197
208 203
216 188
216 194
214 187
207 183
202 185
202 192
203 196
202 197
203 199
205 201
213 195
315 416
320 411
317 409
317 407
312 413
314 414
318 410
68 409
68 421
70 429
77 431
76 414
146 189
148 189
146 184
145 184
143 187
145 188
148 187
103 103
102 104
105 109
105 107
105 105
102 105
101 107
102 109
276 156
271 130
262 126
255 131
248 126
241 136
243 141
256 157
278 151
283 144
280 136
273 135
254 305
159 318
163 324
162 314
167 320
164 313
168 317
171 317
176 317
165 312
175 308
173 304
171 301
167 299
165 305
422 498
426 504
434 491
430 492
426 495
424 501
134 20
132 20
135 19
136 17
137 15
135 12
132 16
133 18
7 69
7 74
11 74
15 73
12 66
266 164
268 162
271 161
272 158
263 156
264 163
216 367
210 363
208 363
207 365
207 372
212 371
213 368
465 77
458 66
453 71
448 76
456 80
460 78
455 69
170 98
171 99
169 100
168 102
170 104
173 104
173 102
172 100
171 100
169 103
146 174
145 172
144 170
142 170
142 172
142 174
144 175
145 264
144 264
143 267
148 272
150 269
149 265
147 264
175 385
186 385
178 376
176 377
186 382
189 379
184 376
181 376
179 384
155 444
155 493
182 473
177 462
169 454
165 453
158 449
126 459
399 329
402 329
399 327
396 327
417 383
417 385
417 389
419 385
418 383
102 31
109 27
108 22
98 26
166 63
163 65
165 65
165 235
159 239
162 239
164 238
165 237
162 235
160 235
54 286
34 312
39 310
52 309
53 294
40 289
32 297
478 475
483 481
486 483
492 484
486 471
494 472
499 472
496 466
490 467
171 58
173 58
175 53
173 51
171 51
171 54
152 60
150 61
157 61
155 60
152 63
154 64
156 64
121 69
119 66
117 66
115 68
116 71
127 225
125 223
127 232
128 229
127 227
123 227
125 231
195 419
189 423
185 428
198 424
357 136
355 134
353 133
353 139
358 142
149 152
150 150
149 147
147 147
145 150
147 152
119 190
121 189
121 186
118 186
116 185
116 189
118 190
378 210
376 207
231 270
229 268
227 269
229 272
231 272
448 358
452 363
459 366
467 368
461 357
455 358
385 414
380 410
154 26
152 29
154 30
155 31
156 29
257 461
251 462
251 460
246 462
246 464
256 472
151 125
152 122
151 120
149 119
147 123
327 241
327 244
331 240
331 245
333 245
334 244
335 243
362 241
364 242
362 246
366 246
368 247
369 243
367 242
365 242
365 246
206 302
207 296
205 294
203 294
202 295
202 298
204 302
143 336
145 335
145 333
142 332
141 333
148 381
150 380
148 378
141 376
135 383
151 384
135 392
154 387
148 384
259 46
242 60
245 77
253 76
272 69
268 60
263 55
248 69
511 94
508 102
503 113
511 115
323 118
322 116
317 118
321 120
156 135
154 134
153 134
154 140
158 139
159 138
158 136
157 136
153 138
211 158
215 157
209 154
214 153
214 147
206 152
211 145
212 138
200 136
198 148
177 169
173 173
175 173
172 169
171 170
170 171
213 217
214 217
217 221
218 220
219 219
216 217
281 318
278 318
281 321
277 319
276 321
278 322
68 87
66 87
66 89
66 91
68 91
68 89
135 248
137 247
130 245
132 247
137 330
140 331
142 330
231 359
239 358
243 356
243 352
242 348
239 347
235 352
174 55
174 58
177 57
177 56
176 54
175 55
286 193
283 194
276 200
289 210
288 197
239 275
240 273
236 271
232 276
233 277
236 277
238 276
235 272
233 273
232 274
185 294
185 298
188 297
188 294
186 293
185 115
182 111
180 111
177 112
178 118
180 117
182 117
158 128
161 131
164 126
160 125
158 124
156 128
252 235
255 232
260 231
264 229
264 221
257 224
368 331
372 330
366 328
372 329
381 319
375 312
370 319
368 321
376 324
380 321
182 46
188 53
201 55
197 47
199 39
187 49
192 37
195 34
192 25
190 25
181 24
180 29
176 37
181 42
171 75
170 74
169 74
168 75
169 77
170 76
131 201
133 198
132 198
131 198
130 198
129 200
222 227
90 234
90 236
90 237
92 236
91 234
265 262
260 263
264 268
265 266
260 265
134 273
134 271
134 269
133 268
130 268
132 272
219 273
218 271
215 270
214 271
216 274
351 294
354 292
352 289
348 290
110 167
107 172
110 173
112 173
114 172
116 168
112 168
108 168
122 75
120 76
122 82
125 80
129 78
128 73
124 75
160 100
162 102
163 100
164 97
163 95
161 98
477 103
476 104
475 107
479 110
480 106
479 102
192 269
191 271
192 273
197 272
221 307
222 310
224 312
226 311
223 307
17 184
12 173
5 163
0 164
0 188
140 243
139 246
139 249
142 247
143 246
142 245
193 257
192 256
190 260
192 261
431 358
416 364
417 366
417 369
418 370
419 377
430 364
416 362
304 404
292 398
288 410
295 418
302 418
307 416
310 413
365 406
366 428
363 418
378 422
375 416
371 416
371 424
367 210
369 210
369 207
367 206
366 206
366 209
302 428
302 427
304 422
297 431
300 430
299 427
297 429
112 35
114 36
117 34
117 29
111 28
107 30
110 35
68 80
69 81
73 81
75 80
218 251
219 250
219 248
217 247
217 249
161 257
158 256
162 259
235 317
236 322
238 322
239 319
237 318
219 329
220 325
218 323
217 326
118 331
117 333
414 485
419 480
416 487
414 492
417 494
424 494
425 490
424 480
165 175
164 178
168 180
169 183
173 180
170 177
158 92
156 92
157 97
160 96
160 93
69 110
70 109
70 108
69 107
68 107
66 107
67 111
215 233
217 237
224 235
262 376
257 377
266 368
242 367
252 375
259 358
261 355
259 350
252 354
248 355
243 361
250 372
263 373
212 397
215 399
217 398
219 396
218 394
212 395
416 420
419 409
417 404
413 400
411 399
407 399
403 402
128 335
129 334
129 332
128 329
121 328
120 329
119 332
119 334
122 336
124 336
126 335
125 328
144 118
143 121
142 123
144 124
146 121
318 235
316 237
314 233
311 234
316 234
152 12
154 10
154 8
153 7
150 7
149 9
150 10
151 54
152 55
154 56
156 54
156 51
149 52
153 49
149 47
147 46
147 48
147 50
148 51
152 48
160 64
162 64
164 62
162 61
159 62
511 72
507 74
502 81
503 89
511 84
169 197
169 195
169 193
166 193
386 191
387 195
389 189
342 255
337 255
334 262
339 264
341 261
230 342
235 346
239 341
238 338
236 338
234 337
181 205
180 204
176 204
177 206
179 207
188 60
190 68
191 66
191 65
189 64
186 64
183 67
187 67
131 237
129 242
136 243
138 241
136 239
133 238
131 243
213 48
221 52
226 49
223 34
223 39
222 42
227 43
228 42
128 123
129 127
132 128
134 128
133 123
132 120
302 137
300 132
290 129
287 135
289 139
299 143
185 175
182 175
181 179
185 177
373 208
372 215
376 218
377 213
375 211
372 212
374 215
194 214
196 217
198 216
197 214
222 228
226 232
224 227
237 233
244 233
251 222
227 223
229 233
91 181
89 180
87 179
85 182
90 185
175 71
174 69
172 68
170 69
172 71
174 72
40 184
33 187
30 192
27 193
25 196
26 200
30 202
38 201
335 241
337 237
338 234
335 234
333 235
333 239
337 239
161 362
156 363
147 366
148 371
153 374
158 372
160 371
163 368
263 294
258 293
260 292
261 293
264 290
262 287
258 288
256 291
142 326
141 323
137 323
136 325
137 327
141 327
301 28
289 51
318 53
331 42
333 25
98 173
102 177
104 176
106 174
105 172
103 171
100 172
99 175
140 178
139 174
136 177
137 179
123 35
130 32
133 27
130 25
125 23
122 28
123 30
194 88
193 91
191 97
204 98
382 187
383 185
384 183
383 181
379 182
378 186
334 260
340 258
335 256
331 258
306 385
311 384
321 375
316 364
308 364
302 370
302 373
301 381
299 301
297 297
291 297
287 301
284 303
292 311
298 304
298 338
297 343
298 345
296 352
303 347
305 343
302 341
199 376
197 377
192 379
193 382
196 382
199 384
200 378
212 418
213 416
216 427
220 427
222 427
224 426
226 423
220 417
213 422
199 451
197 456
200 457
207 458
209 449
201 450
162 82
156 77
156 81
156 86
160 83
78 120
80 119
79 122
78 124
80 126
83 125
85 120
93 75
79 79
82 82
84 86
90 79
91 77
90 70
79 75
116 113
119 110
122 108
118 107
115 106
114 111
199 224
201 222
202 219
199 218
197 219
197 221
407 229
400 229
405 223
398 221
396 227
210 243
211 239
209 241
212 239
214 244
212 242
215 243
218 242
216 239
214 239
213 240
128 353
129 356
131 357
132 355
130 353
383 393
383 404
389 398
388 395
388 393
385 391
384 392
191 395
186 403
188 401
179 402
184 405
182 390
179 388
177 389
175 390
173 394
184 394
78 169
78 165
80 162
78 159
76 158
74 160
72 161
75 165
436 51
438 50
438 45
435 38
431 40
432 46
353 99
357 95
354 93
350 96
351 97
352 98
374 147
374 139
371 138
368 140
367 142
369 144
374 141
191 144
187 146
187 153
192 153
195 148
164 79
163 78
163 76
162 74
158 77
160 79
163 81
81 217
85 219
88 217
89 215
81 214
150 283
143 292
150 288
273 351
275 346
278 339
271 339
267 341
264 350
417 357
34 51
34 56
35 63
39 63
42 54
37 50
236 208
234 194
231 192
225 198
230 207
99 19
105 21
107 20
109 19
111 16
109 13
106 11
102 10
99 16
320 190
321 180
314 184
316 187
319 191
118 259
121 258
116 254
111 255
114 272
108 72
106 74
104 76
108 81
111 80
116 77
113 70
308 124
315 120
312 120
311 123
312 127
312 130
314 132
315 135
317 134
319 133
322 123
316 122
136 333
135 334
135 336
135 338
138 339
141 335
444 28
446 33
447 35
451 35
450 30
110 147
112 145
108 147
407 210
421 210
403 207
399 189
399 205
396 191
391 196
389 198
389 204
392 203
394 203
393 195
138 278
137 279
137 282
140 279
139 283
137 286
139 291
140 289
147 281
126 511
126 483
108 502
100 511
301 107
318 108
290 111
296 106
259 101
266 108
278 110
97 204
95 203
92 205
96 207
99 207
70 68
68 72
68 77
76 75
75 70
161 261
159 259
155 260
153 261
153 264
155 268
158 266
160 265
161 264
449 370
448 377
456 381
459 377
455 373
101 130
112 122
111 120
105 118
103 119
216 369
222 376
227 372
223 371
63 454
68 450
65 445
62 443
55 443
54 454
60 455
430 343
417 341
417 352
420 353
429 356
428 347
426 345
139 343
133 354
136 354
141 347
134 344
132 349
132 351
179 164
182 163
175 160
175 161
176 163
177 163
177 160
165 219
168 220
167 216
165 214
163 218
148 220
152 215
151 212
146 222
136 225
137 229
139 230
141 229
144 227
143 215
138 213
134 215
135 218
139 222
305 235
303 253
301 241
314 244
315 243
315 241
314 237
312 238
309 238
312 248
200 70
196 64
197 66
198 68
201 63
198 63
142 352
139 355
139 360
149 356
147 353
144 349
134 72
134 75
136 76
138 73
138 71
136 72
434 195
448 185
452 176
451 168
441 162
433 159
419 142
398 150
396 177
418 180
259 406
255 423
262 425
266 421
268 410
257 417
170 48
172 49
173 49
174 49
175 47
173 46
147 59
149 59
151 58
151 56
149 56
146 57
114 135
115 135
115 133
114 132
111 129
112 126
101 124
105 131
110 130
112 135
105 145
111 143
105 138
104 142
114 140
114 138
112 138
111 141
114 142
135 407
138 410
154 397
135 401
163 419
156 407
147 411
141 416
142 421
145 425
149 422
149 15
149 12
145 13
146 15
147 16
148 15
148 12
157 178
159 178
161 176
160 172
157 173
156 177
253 270
253 278
261 282
263 277
262 276
261 270
258 269
258 278
260 305
259 302
257 309
259 309
259 307
257 304
256 305
255 308
334 311
339 313
340 310
340 308
338 307
334 306
335 310
337 312
88 0
87 0
83 1
81 4
90 8
103 45
102 49
103 53
108 52
106 43
172 78
173 79
175 79
175 77
172 77
111 155
111 151
112 155
113 151
116 156
122 153
117 152
115 152
114 155
183 181
185 179
187 183
191 184
190 182
188 180
163 185
165 181
164 184
163 181
161 180
159 181
158 182
159 184
161 184
292 188
297 188
295 188
294 191
298 191
160 194
163 193
165 194
159 196
160 199
162 199
163 199
165 196
162 195
0 254
0 318
8 288
8 265
399 336
389 338
388 339
390 341
393 340
396 338
392 334
396 332
395 327
392 328
390 331
209 233
208 231
199 236
204 239
206 231
203 231
207 237
209 237
212 237
210 235
208 234
159 122
162 123
166 120
161 120
158 121
202 90
207 87
209 81
204 77
197 78
196 86
260 84
306 89
288 63
274 73
269 75
278 92
208 440
205 440
207 433
191 434
190 440
199 439
197 430
440 493
440 511
459 511
457 498
452 495
